0	136	AXLE++++++++++++	{ks	0	0	0.99	1	0	0	0.559	0	0	1	1	1
0	162	BEADLE++++++++++	bEd	0	0	1	1	0	0	0.586	0	0	1	1	1
0	214	BEADLES+++++++++	bEdz	0	0	1	1	0	0	0.726	0	0	1	1	1
0	147	BEETLE++++++++++	bits	0	0	1	1	0	0	0.52	0	0	1	1	1
0	145	BRIDLE++++++++++	br2d	0	0	1	1	0	0	0.511	0	0	1	1	1
0	148	BUGLE+++++++++++	bVg	0	0	1	1	0	0	0.569	0	0	1	1	1
0	197	CASTLE++++++++++	k#st	0	0	1	1	0	0	0.705	0	0	1	1	1
0	162	GRISTLE+++++++++	grIst	0	0	1	1	0.005	0	0.543	0	0	1	1	1
0	170	HASSLE++++++++++	h#ss	0	0	1	1	0	0	0.617	0	0	1	1	1
0	156	HUSTLE++++++++++	hVst	0	0	1	1	0	0	0.561	0	0	1	1	1
0	204	ISLES+++++++++++	2ss	0	0.09	0.97	1	0	0.001	0.74	0	0	1	1	1
0	188	LADLE+++++++++++	l{d	0	0	1	1	0	0	0.709	0	0	1	1	1
0	214	LIABLE++++++++++	lIt{bs	0	0.58	0.38	2	0	0.463	0.076	0	0	1	2	1
0	230	MEASLES+++++++++	mil	0	0	1	1	0	0	0.765	0	0	1	1	1
0	136	SIDLE+++++++++++	s2d	0	0	1	1	0	0	0.515	0	0	1	1	1
0	156	STARTLE+++++++++	st#ts	0	0	1	1	0	0	0.516	0	0	1	1	1
0	154	TOOTLE++++++++++	tuts	0	0	1	1	0	0	0.552	0	0	1	1	1
0	181	TOUSLE++++++++++	t6	0	0	1	1	0	0	0.656	0	0	1	1	1
0	173	TOUSLED+++++++++	t6t	0	0	1	1	0	0	0.59	0	0	1	1	1
0	155	TREADLE+++++++++	trEd	0	0	1	1	0	0	0.511	0	0	1	1	1
0	212	VIABLE++++++++++	v2t{bs	0	0.47	0.51	1	0	0.197	0.297	0	0	1	2	1
1	192	ABLE++++++++++++	1b@l	0	0.33	0.56	1	0	0.051	0.476	0	0	1	2	1
1	148	ADDLE+++++++++++	{d@l	0	0.08	0.93	1	0	0.002	0.542	0	0	1	2	1
1	205	AMBLE+++++++++++	{mb@l	0	0.21	0.73	1	0	0.012	0.627	0	0	1	2	1
1	168	AMBLED++++++++++	{mb@ld	0	0.22	0.73	1	0	0.018	0.479	0	0	1	2	1
1	209	AMPLE+++++++++++	{mp@l	0	0.27	0.66	1	0	0.023	0.584	0	0	1	2	1
1	204	ANGLE+++++++++++	{Ng@l	0	0.25	0.71	1	0	0.018	0.603	0	0	1	2	1
1	211	ANGLES++++++++++	{Ng@lz	0	0.24	0.72	1	0	0.016	0.607	0	0	1	2	1
1	164	ANKLE+++++++++++	{Nk@l	0	0.15	0.86	1	0	0.006	0.57	0	0	1	2	1
1	173	ANKLES++++++++++	{Nk@lz	0	0.14	0.87	1	0	0.005	0.572	0	0	1	2	1
1	186	APPLE+++++++++++	{p@l	0	0.5	0.36	2	0	0.361	0.09	0	0	1	2	1
1	194	APPLES++++++++++	{p@lz	0	0.49	0.38	2	0	0.325	0.112	0	0	1	2	1
1	205	AXLES+++++++++++	{ks@lz	0	0.24	0.73	1	0	0.015	0.619	0	0	1	2	1
1	147	BABBLE++++++++++	b{b@l	0	0	0.99	1	0	0	0.517	0	0	1	2	1
1	154	BABBLED+++++++++	b{b@ld	0	0	0.99	1	0	0	0.502	0	0	1	2	1
1	166	BAFFLE++++++++++	b{f@l	0	0.07	0.94	1	0	0.001	0.577	0	0	1	2	1
1	175	BAFFLED+++++++++	b{f@ld	0	0.07	0.94	1	0	0.001	0.572	0	0	1	2	1
1	166	BANGLE++++++++++	b{Ng@l	0	0.07	0.94	1	0	0.001	0.579	0	0	1	2	1
1	173	BANGLES+++++++++	b{Ng@lz	0	0.06	0.95	1	0	0.001	0.569	0	0	1	2	1
1	150	BATTLE++++++++++	b{t@l	0	0.05	0.95	1	0	0.001	0.517	0	0	1	2	1
1	158	BATTLES+++++++++	b{t@lz	0	0	0.96	1	0	0	0.51	0	0	1	2	1
1	157	BAUBLE++++++++++	b$b@l	0	0	0.98	1	0	0	0.557	0	0	1	2	1
1	159	BAUBLES+++++++++	b$b@lz	0	0	0.98	1	0	0	0.522	0	0	1	2	1
1	157	BEAGLE++++++++++	big@l	0	0	0.99	1	0	0	0.562	0	0	1	2	1
1	173	BEETLES+++++++++	bit@lz	0	0	0.95	1	0	0	0.572	0	0	1	2	1
1	155	BIBLE+++++++++++	bIb@l	0	0.11	0.88	1	0	0.003	0.55	0	0	1	2	1
1	162	BIBLES++++++++++	bIb@lz	0	0.11	0.89	1	0	0.003	0.542	0	0	1	2	1
1	152	BOGGLE++++++++++	bQg@l	0	0.08	0.93	1	0	0.002	0.515	0	0	1	2	1
1	165	BOGGLED+++++++++	bQg@ld	0	0.08	0.92	1	0	0.002	0.527	0	0	1	2	1
1	152	BOTTLE++++++++++	bQt@l	0	0.08	0.93	1	0	0.002	0.516	0	0	1	2	1
1	156	BOTTLED+++++++++	bQt@ld	0	0.08	0.93	1	0	0.002	0.488	0	0	1	2	1
1	160	BOTTLES+++++++++	bQt@lz	0	0.07	0.93	1	0	0.001	0.509	0	0	1	2	1
1	178	BRAMBLE+++++++++	br{mb@l	0	0	0.97	1	0	0	0.597	0	0	1	2	1
1	185	BRAMBLES++++++++	br{mb@lz	0	0	0.97	1	0	0	0.586	0	0	1	2	1
1	163	BRISTLE+++++++++	brIs@l	0	0.09	0.9	1	0	0.003	0.51	0	0	1	2	1
1	164	BRISTLED++++++++	brIs@ld	0	0.1	0.9	1	0	0.003	0.468	0	0	1	2	1
1	159	BRITTLE+++++++++	brIt@l	0	0	0.96	1	0	0	0.517	0	0	1	2	1
1	154	BUBBLE++++++++++	bVb@l	0	0	0.98	1	0	0	0.546	0	0	1	2	1
1	156	BUBBLED+++++++++	bVb@ld	0	0	0.98	1	0	0	0.51	0	0	1	2	1
1	157	BUBBLES+++++++++	bVb@lz	0	0	0.99	1	0	0	0.515	0	0	1	2	1
1	154	BUCKLE++++++++++	bVk@l	0	0	0.97	1	0	0	0.541	0	0	1	2	1
1	155	BUCKLED+++++++++	bVk@ld	0	0	0.97	1	0	0	0.5	0	0	1	2	1
1	162	BUCKLES+++++++++	bVk@lz	0	0	0.97	1	0	0	0.533	0	0	1	2	1
1	171	BUMBLE++++++++++	bVmb@l	0	0.08	0.92	1	0	0.002	0.59	0	0	1	2	1
1	161	BUNDLE++++++++++	bVnd@l	0	0.09	0.92	1	0	0.002	0.55	0	0	1	2	1
1	156	BUNDLED+++++++++	bVnd@ld	0	0.09	0.92	1	0	0.003	0.484	0	0	1	2	1
1	169	BUNDLES+++++++++	bVnd@lz	0	0.08	0.93	1	0	0.002	0.545	0	0	1	2	1
1	166	BUNGLE++++++++++	bVNg@l	0	0.1	0.91	1	0	0.002	0.566	0	0	1	2	1
1	168	BUNGLED+++++++++	bVNg@ld	0	0.1	0.91	1	0	0.003	0.533	0	0	1	2	1
1	153	BURGLE++++++++++	b3g@l	0	0.08	0.92	1	0	0.002	0.518	0	0	1	2	1
1	155	BUSTLE++++++++++	bVs@l	0	0.15	0.82	1	0	0.008	0.481	0	0	1	2	1
1	195	CABLE+++++++++++	k{b@l	0	0.12	0.86	1	0	0.003	0.671	0	0	1	2	1
1	194	CABLED++++++++++	k1b@ld	0	0.12	0.86	1	0	0.003	0.637	0	0	1	2	1
1	210	CABLES++++++++++	k1b@lz	0	0.11	0.87	1	0	0.002	0.689	0	0	1	2	1
1	155	CACKLE++++++++++	k{k@l	0	0	0.97	1	0	0	0.546	0	0	1	2	1
1	155	CACKLED+++++++++	k{k@ld	0	0	0.97	1	0	0	0.501	0	0	1	2	1
1	163	CANDLE++++++++++	k{nd@l	0	0.08	0.93	1	0	0.002	0.561	0	0	1	2	1
1	170	CANDLES+++++++++	k{nd@lz	0	0.07	0.93	1	0	0.001	0.551	0	0	1	2	1
1	151	CATTLE++++++++++	k{t@l	0	0.07	0.94	1	0	0.001	0.514	0	0	1	2	1
1	167	CHORTLE+++++++++	J$t@l	0	0	0.98	1	0	0	0.558	0	0	1	2	1
1	166	CHORTLED++++++++	J$t@ld	0	0	0.98	1	0	0	0.508	0	0	1	2	1
1	161	CHUCKLE+++++++++	JVk@l	0	0	0.99	1	0	0	0.536	0	0	1	2	1
1	164	CHUCKLED++++++++	JVk@ld	0	0	0.99	1	0	0	0.504	0	0	1	2	1
1	169	CHUCKLES++++++++	JVk@lz	0	0	0.99	1	0	0	0.528	0	0	1	2	1
1	152	CIRCLE++++++++++	s3k@l	0	0	0.98	1	0	0	0.536	0	0	1	2	1
1	164	CIRCLED+++++++++	s3k@ld	0	0	0.98	1	0	0	0.544	0	0	1	2	1
1	161	CIRCLES+++++++++	s3k@lz	0	0	0.98	1	0	0	0.532	0	0	1	2	1
1	151	COBBLE++++++++++	kQb@l	0	0	0.98	1	0	0	0.53	0	0	1	2	1
1	158	COCKLE++++++++++	kQk@l	0	0.05	0.96	1	0	0.001	0.552	0	0	1	2	1
1	151	CODDLE++++++++++	kQd@l	0	0	0.98	1	0	0	0.53	0	0	1	2	1
1	165	CODDLED+++++++++	kQd@ld	0	0	0.97	1	0	0	0.547	0	0	1	2	1
1	165	COUPLE++++++++++	kup@l	0	0.15	0.8	1	0	0.007	0.51	0	0	1	2	1
1	158	COUPLED+++++++++	k6p@ld	0	0.16	0.79	1	0	0.009	0.439	0	0	1	2	1
1	173	COUPLES+++++++++	kup@lz	0	0.14	0.81	1	0	0.006	0.509	0	0	1	2	1
1	163	CRACKLE+++++++++	kr{k@l	0	0	0.98	1	0	0	0.541	0	0	1	2	1
1	163	CRACKLED++++++++	kr{k@ld	0	0	0.98	1	0	0	0.494	0	0	1	2	1
1	171	CRACKLES++++++++	kr{k@lz	0	0	0.98	1	0	0	0.533	0	0	1	2	1
1	208	CRADLE++++++++++	kr{d@l	0	0.07	0.92	1	0	0.001	0.706	0	0	1	2	1
1	195	CRADLED+++++++++	kr{d@ld	0	0.07	0.92	1	0	0.001	0.637	0	0	1	2	1
1	206	CRADLES+++++++++	kr{d@lz	0	0.07	0.93	1	0	0.001	0.675	0	0	1	2	1
1	163	CRINKLE+++++++++	krINk@l	0	0	0.97	1	0	0	0.538	0	0	1	2	1
1	172	CRINKLES++++++++	krINk@lz	0	0	0.98	1	0	0	0.535	0	0	1	2	1
1	171	CRIPPLE+++++++++	krIp@l	0	0.19	0.78	1	0	0.012	0.482	0	0	1	2	1
1	166	CRIPPLED++++++++	krIp@ld	0	0.2	0.77	1	0	0.015	0.418	0	0	1	2	1
1	181	CRUMBLE+++++++++	krVmb@l	0	0.07	0.93	1	0	0.001	0.592	0	0	1	2	1
1	168	CRUMBLED++++++++	krVmb@ld	0	0.08	0.92	1	0	0.002	0.496	0	0	1	2	1
1	179	CRUMPLE+++++++++	krVmp@l	0	0.1	0.9	1	0	0.002	0.572	0	0	1	2	1
1	168	CRUMPLED++++++++	krVmp@ld	0	0.1	0.9	1	0	0.003	0.484	0	0	1	2	1
1	148	CUDDLE++++++++++	kVd@l	0	0	0.98	1	0	0	0.517	0	0	1	2	1
1	152	CURDLE++++++++++	k3d@l	0	0.08	0.9	1	0	0.002	0.505	0	0	1	2	1
1	163	CYCLE+++++++++++	s2k@l	0.05	0.05	0.93	1	0.049	0.001	0.6	0	0	1	2	1
1	163	CYCLED++++++++++	s2k@ld	0	0.06	0.93	1	0	0.001	0.561	0	0	1	2	1
1	169	CYCLES++++++++++	s2k@lz	0.05	0.05	0.93	1	0.047	0.001	0.588	0	0	1	2	1
1	150	DABBLE++++++++++	d{b@l	0	0	0.98	1	0	0	0.526	0	0	1	2	1
1	154	DABBLED+++++++++	d{b@ld	0	0	0.98	1	0	0	0.497	0	0	1	2	1
1	159	DABBLES+++++++++	d{b@lz	0	0	0.98	1	0	0	0.522	0	0	1	2	1
1	181	DANGLE++++++++++	d{Ng@l	0	0.13	0.88	1	0	0.004	0.603	0	0	1	2	1
1	174	DANGLED+++++++++	d{Ng@ld	0	0.14	0.87	1	0	0.005	0.539	0	0	1	2	1
1	171	DAPPLE++++++++++	d{p@l	0	0.32	0.63	1	0	0.049	0.411	0	0	1	2	1
1	160	DAPPLED+++++++++	d{p@ld	0	0.33	0.62	1	0	0.057	0.335	0	0	1	2	1
1	177	DAWDLE++++++++++	d$d@l	0	0	0.97	1	0	0	0.63	0	0	1	2	1
1	151	DAZZLE++++++++++	d{z@l	0	0.06	0.97	1	0	0.001	0.526	0	0	1	2	1
1	157	DAZZLED+++++++++	d{z@ld	0	0.06	0.96	1	0	0.001	0.507	0	0	1	2	1
1	159	DAZZLES+++++++++	d{z@lz	0	0.05	0.97	1	0	0.001	0.518	0	0	1	2	1
1	192	DIMPLE++++++++++	dImp@l	0	0.17	0.83	1	0	0.007	0.615	0	0	1	2	1
1	187	DINGLE++++++++++	dINg@l	0	0.16	0.86	1	0	0.006	0.613	0	0	1	2	1
1	178	DOODLE++++++++++	dud@l	0	0.06	0.94	1	0	0.001	0.622	0	0	1	2	1
1	205	DOUBLE++++++++++	d6b@l	0	0.18	0.78	1	0	0.008	0.626	0	0	1	2	1
1	210	DOUBLED+++++++++	d6b@ld	0	0.19	0.77	1	0	0.009	0.608	0	0	1	2	1
1	187	DOUBLES+++++++++	d6b@lz	0	0.17	0.79	1	0	0.009	0.548	0	0	1	2	1
1	160	DRIBBLE+++++++++	drIb@l	0	0	0.98	1	0	0	0.528	0	0	1	2	1
1	164	DRIBBLED++++++++	drIb@ld	0	0	0.98	1	0	0	0.499	0	0	1	2	1
1	161	DRIZZLE+++++++++	drIz@l	0	0	0.97	1	0	0	0.529	0	0	1	2	1
1	196	DWINDLE+++++++++	dwInd@l	0	0	0.99	1	0	0	0.667	0	0	1	2	1
1	174	DWINDLED++++++++	dwInd@ld	0	0	0.98	1	0	0	0.547	0	0	1	2	1
1	177	EAGLE+++++++++++	ig@l	0	0.05	0.94	1	0	0.001	0.654	0	0	1	2	1
1	185	EAGLES++++++++++	ig@lz	0	0.05	0.95	1	0	0.001	0.65	0	0	1	2	1
1	197	EMBLEM++++++++++	Embl@m	0	0.3	0.67	1	0	0.034	0.52	0	0	1	2	1
1	189	FABLE+++++++++++	f1b@l	0	0.07	0.93	1	0	0.001	0.685	0	0	1	2	1
1	209	FABLED++++++++++	f1b@ld	0	0.07	0.93	1	0	0.001	0.712	0	0	1	2	1
1	193	FABLES++++++++++	f1b@lz	0	0.06	0.94	1	0	0.001	0.67	0	0	1	2	1
1	190	FEEBLE++++++++++	fib@l	0	0	0.97	1	0	0	0.673	0	0	1	2	1
1	157	FICKLE++++++++++	fIk@l	0	0	0.98	1	0	0	0.56	0	0	1	2	1
1	155	FIDDLE++++++++++	fId@l	0	0	0.99	1	0	0	0.554	0	0	1	2	1
1	159	FIDDLES+++++++++	fId@lz	0	0	0.99	1	0	0	0.527	0	0	1	2	1
1	152	FIZZLE++++++++++	fIz@l	0	0	0.99	1	0	0	0.539	0	0	1	2	1
1	159	FIZZLED+++++++++	fIz@ld	0	0	0.99	1	0	0	0.525	0	0	1	2	1
1	170	FOIBLE++++++++++	f4b@l	0	0	0.98	1	0	0	0.611	0	0	1	2	1
1	178	FOIBLES+++++++++	f4b@lz	0	0	0.98	1	0	0	0.604	0	0	1	2	1
1	168	FONDLE++++++++++	fQnd@l	0	0.06	0.95	1	0	0.001	0.588	0	0	1	2	1
1	161	FRAZZLE+++++++++	fr{z@l	0	0	0.99	1	0	0	0.537	0	0	1	2	1
1	182	FRECKLE+++++++++	frEk@l	0	0.05	0.97	1	0	0.001	0.612	0	0	1	2	1
1	169	FRECKLED++++++++	frEk@ld	0	0.05	0.97	1	0	0.001	0.517	0	0	1	2	1
1	190	FRECKLES++++++++	frEk@lz	0	0	0.97	1	0	0	0.606	0	0	1	2	1
1	166	FRIZZLED++++++++	frIz@ld	0	0	0.99	1	0	0	0.513	0	0	1	2	1
1	174	FUMBLE++++++++++	fVmb@l	0	0.06	0.95	1	0	0.001	0.612	0	0	1	2	1
1	160	FUMBLED+++++++++	fVmb@ld	0	0.06	0.95	1	0	0.001	0.514	0	0	1	2	1
1	146	GABBLE++++++++++	g{b@l	0	0	0.99	1	0.005	0	0.514	0	0	1	2	1
1	181	GABLE+++++++++++	g1b@l	0	0.06	0.95	1	0	0.001	0.667	0	0	1	2	1
1	186	GABLES++++++++++	g1b@lz	0	0.06	0.95	1	0.005	0.001	0.653	0	0	1	2	1
1	146	GAGGLE++++++++++	g{g@l	0	0	0.98	1	0.005	0	0.507	0	0	1	2	1
1	165	GAMBLE++++++++++	g{mb@l	0	0	0.97	1	0.005	0	0.588	0	0	1	2	1
1	172	GAMBLES+++++++++	g{mb@lz	0	0	0.98	1	0.005	0	0.577	0	0	1	2	1
1	164	GARBLE++++++++++	g#b@l	0	0	0.98	1	0.005	0	0.586	0	0	1	2	1
1	157	GARBLED+++++++++	g#b@ld	0	0	0.98	1	0.005	0	0.513	0	0	1	2	1
1	155	GARGLE++++++++++	g#g@l	0	0	0.98	1	0.005	0	0.55	0	0	1	2	1
1	199	GENTLE++++++++++	_Ent@l	0	0.15	0.87	1	0.005	0.004	0.658	0	0	1	2	1
1	146	GIGGLE++++++++++	gIg@l	0	0	0.97	1	0.005	0	0.505	0	0	1	2	1
1	154	GIGGLED+++++++++	gIg@ld	0	0	0.97	1	0.005	0	0.495	0	0	1	2	1
1	155	GIGGLES+++++++++	gIg@lz	0	0	0.97	1	0.005	0	0.501	0	0	1	2	1
1	159	GIRDLE++++++++++	g3d@l	0	0	0.99	1	0.005	0	0.571	0	0	1	2	1
1	150	GOBBLE++++++++++	gQb@l	0	0	0.99	1	0.005	0	0.531	0	0	1	2	1
1	163	GOBBLED+++++++++	gQb@ld	0	0	0.99	1	0.005	0	0.545	0	0	1	2	1
1	155	GOBBLES+++++++++	gQb@lz	0	0	0.99	1	0.005	0	0.508	0	0	1	2	1
1	159	GOGGLE++++++++++	gQg@l	0	0.05	0.96	1	0.005	0.001	0.558	0	0	1	2	1
1	162	GOGGLES+++++++++	gQg@lz	0	0	0.96	1	0.005	0	0.53	0	0	1	2	1
1	166	GRAPPLE+++++++++	gr{p@l	0	0.09	0.92	1	0.005	0.002	0.529	0	0	1	2	1
1	174	GRAPPLED++++++++	gr{p@ld	0	0.09	0.92	1	0.005	0.002	0.519	0	0	1	2	1
1	160	GRIDDLE+++++++++	grId@l	0	0	1	1	0.005	0	0.533	0	0	1	2	1
1	168	GRIZZLED++++++++	grIz@ld	0	0	0.99	1	0.005	0	0.523	0	0	1	2	1
1	172	GRUMBLE+++++++++	grVmb@l	0	0	0.97	1	0.005	0	0.576	0	0	1	2	1
1	165	GRUMBLED++++++++	grVmb@ld	0	0	0.97	1	0.005	0	0.501	0	0	1	2	1
1	154	GURGLE++++++++++	g3g@l	0	0	0.96	1	0.005	0	0.537	0	0	1	2	1
1	151	GUZZLE++++++++++	gVz@l	0	0	0.99	1	0.005	0	0.534	0	0	1	2	1
1	158	GUZZLED+++++++++	gVz@ld	0	0	0.99	1	0.005	0	0.521	0	0	1	2	1
1	160	HACKLES+++++++++	h{k@lz	0	0	0.99	1	0	0	0.532	0	0	1	2	1
1	146	HAGGLE++++++++++	h{g@l	0	0	0.98	1	0	0	0.51	0	0	1	2	1
1	159	HANDLE++++++++++	h{nd@l	0	0	0.98	1	0	0	0.567	0	0	1	2	1
1	155	HANDLED+++++++++	h{nd@ld	0	0	0.98	1	0	0	0.504	0	0	1	2	1
1	166	HANDLES+++++++++	h{nd@lz	0	0	0.98	1	0	0	0.555	0	0	1	2	1
1	169	HECKLE++++++++++	hEk@l	0	0	0.97	1	0	0	0.603	0	0	1	2	1
1	148	HOBBLE++++++++++	hQb@l	0	0	0.99	1	0	0	0.523	0	0	1	2	1
1	158	HOBBLED+++++++++	hQb@ld	0	0	0.99	1	0	0	0.523	0	0	1	2	1
1	149	HUDDLE++++++++++	hVd@l	0	0	0.99	1	0	0	0.528	0	0	1	2	1
1	154	HUDDLED+++++++++	hVd@ld	0	0	0.99	1	0	0	0.504	0	0	1	2	1
1	168	HUMBLE++++++++++	hVmb@l	0	0	0.97	1	0	0	0.599	0	0	1	2	1
1	158	HUMBLED+++++++++	hVmb@ld	0	0	0.97	1	0	0	0.515	0	0	1	2	1
1	150	HURDLE++++++++++	h3d@l	0	0	0.97	1	0	0	0.525	0	0	1	2	1
1	154	HURDLED+++++++++	h3d@ld	0	0	0.97	1	0	0	0.497	0	0	1	2	1
1	158	HURDLES+++++++++	h3d@lz	0	0	0.98	1	0	0	0.517	0	0	1	2	1
1	151	HURTLE++++++++++	h3t@l	0	0	0.97	1	0	0	0.527	0	0	1	2	1
1	154	HURTLED+++++++++	h3t@ld	0	0	0.97	1	0	0	0.494	0	0	1	2	1
1	155	HUSTLED+++++++++	hVs@ld	0	0.07	0.93	1	0	0.002	0.483	0	0	1	2	1
1	154	IDLE++++++++++++	2d@l	0	0.32	0.58	1	0	0.054	0.389	0	0	1	2	1
1	151	IDLED+++++++++++	2d@ld	0	0.33	0.57	1	0	0.062	0.342	0	0	1	2	1
1	166	JANGLE++++++++++	_{Ng@l	0	0	0.99	1	0	0	0.599	0	0	1	2	1
1	148	JIGGLE++++++++++	_Ig@l	0	0	0.99	1	0	0	0.522	0	0	1	2	1
1	170	JINGLE++++++++++	_INg@l	0	0	0.99	1	0	0	0.613	0	0	1	2	1
1	161	JINGLED+++++++++	_INg@ld	0	0	0.99	1	0	0	0.535	0	0	1	2	1
1	149	JOGGLE++++++++++	_Qg@l	0	0	0.99	1	0	0	0.526	0	0	1	2	1
1	189	JOSTLE++++++++++	_QstlI	0	0	1	1	0	0	0.682	0	0	1	2	1
1	149	JUGGLE++++++++++	_Vg@l	0	0	0.99	1	0	0	0.526	0	0	1	2	1
1	171	JUMBLE++++++++++	_Vmb@l	0	0	0.99	1	0	0	0.616	0	0	1	2	1
1	159	JUMBLED+++++++++	_Vmb@ld	0	0	0.99	1	0	0	0.525	0	0	1	2	1
1	166	JUNGLE++++++++++	_VNg@l	0	0	0.99	1	0	0	0.597	0	0	1	2	1
1	173	JUNGLES+++++++++	_VNg@lz	0	0	0.99	1	0	0	0.585	0	0	1	2	1
1	164	KETTLE++++++++++	kEt@l	0	0.15	0.87	1	0	0.006	0.537	0	0	1	2	1
1	164	KINDLE++++++++++	kInd@l	0	0.06	0.95	1	0	0.001	0.574	0	0	1	2	1
1	159	KINDLED+++++++++	kInd@ld	0	0.07	0.95	1	0	0.001	0.51	0	0	1	2	1
1	165	KNOBBLE+++++++++	nQb@l	0	0	0.99	1	0	0	0.553	0	0	1	2	1
1	179	KNUCKLE+++++++++	nVk@l	0	0	0.98	1	0	0	0.607	0	0	1	2	1
1	186	KNUCKLES++++++++	nVk@lz	0	0	0.98	1	0	0	0.596	0	0	1	2	1
1	190	LISLE+++++++++++	l2l	0	0	1	1	0	0	0.714	0	0	1	1	1
1	149	LITTLE++++++++++	lIt@l	0	0	0.98	1	0	0	0.523	0	0	1	2	1
1	163	MANGLE++++++++++	m{Ng@l	0	0	0.96	1	0	0	0.575	0	0	1	2	1
1	177	MANGLED+++++++++	m{Ng@ld	0	0	0.96	1	0	0	0.59	0	0	1	2	1
1	161	MANTLE++++++++++	m{nt@l	0	0	0.95	1	0	0	0.565	0	0	1	2	1
1	205	MAPLE+++++++++++	m{p@l	0	0.09	0.9	1	0	0.001	0.716	0	0	1	2	1
1	211	MAPLES++++++++++	m1p@lz	0	0.08	0.91	1	0	0.001	0.709	0	0	1	2	1
1	167	MARBLE++++++++++	m#b@l	0	0	0.97	1	0	0	0.595	0	0	1	2	1
1	174	MARBLES+++++++++	m#b@lz	0	0	0.97	1	0	0	0.585	0	0	1	2	1
1	154	MEDDLE++++++++++	mEd@l	0	0	0.97	1	0	0	0.542	0	0	1	2	1
1	160	METTLE++++++++++	mEt@l	0	0.12	0.89	1	0	0.004	0.532	0	0	1	2	1
1	154	MIDDLE++++++++++	mId@l	0	0	0.99	1	0	0	0.549	0	0	1	2	1
1	157	MIDDLES+++++++++	mId@lz	0	0	0.99	1	0	0	0.518	0	0	1	2	1
1	166	MINGLE++++++++++	mINg@l	0	0.06	0.95	1	0	0.001	0.584	0	0	1	2	1
1	178	MINGLED+++++++++	mINg@ld	0	0.06	0.95	1	0	0.001	0.591	0	0	1	2	1
1	174	MINGLES+++++++++	mINg@lz	0	0.05	0.96	1	0	0.001	0.578	0	0	1	2	1
1	151	MOTTLE++++++++++	mQt@l	0	0.05	0.95	1	0	0.001	0.52	0	0	1	2	1
1	165	MOTTLED+++++++++	mQt@ld	0	0.05	0.95	1	0	0.001	0.537	0	0	1	2	1
1	148	MUDDLE++++++++++	mVd@l	0	0	0.99	1	0	0	0.521	0	0	1	2	1
1	151	MUFFLE++++++++++	mVf@l	0	0.07	0.93	1	0	0.001	0.513	0	0	1	2	1
1	154	MUFFLED+++++++++	mVf@ld	0	0.07	0.93	1	0	0.002	0.48	0	0	1	2	1
1	168	MUMBLE++++++++++	mVmb@l	0	0.06	0.95	1	0	0.001	0.589	0	0	1	2	1
1	158	MUMBLED+++++++++	mVmb@ld	0	0.06	0.95	1	0	0.001	0.504	0	0	1	2	1
1	187	MUSCLE++++++++++	mVsk@l	0	0.15	0.86	1	0	0.005	0.613	0	0	1	2	1
1	174	MUSCLED+++++++++	mVs@ld	0	0.12	0.86	1	0	0.004	0.536	0	0	1	2	1
1	193	MUSCLES+++++++++	mVsk@lz	0	0.14	0.87	1	0	0.005	0.605	0	0	1	2	1
1	149	MUZZLE++++++++++	mVz@l	0	0	0.98	1	0	0	0.524	0	0	1	2	1
1	158	MUZZLES+++++++++	mVz@lz	0	0	0.99	1	0	0	0.52	0	0	1	2	1
1	161	NEEDLE++++++++++	nid@l	0	0	0.99	1	0	0	0.578	0	0	1	2	1
1	157	NEEDLED+++++++++	nid@ld	0	0	0.99	1	0	0	0.516	0	0	1	2	1
1	169	NEEDLES+++++++++	nid@lz	0	0	0.99	1	0	0	0.57	0	0	1	2	1
1	186	NESTLE++++++++++	nEs@l	0	0.13	0.87	1	0	0.004	0.618	0	0	1	2	1
1	205	NESTLED+++++++++	nEs@ld	0	0.14	0.87	1	0	0.004	0.644	0	0	1	2	1
1	162	NETTLE++++++++++	nEt@l	0	0.06	0.95	1	0	0.001	0.567	0	0	1	2	1
1	161	NETTLED+++++++++	nEt@ld	0	0.07	0.95	1	0	0.001	0.519	0	0	1	2	1
1	148	NIBBLE++++++++++	nIb@l	0	0	1	1	0	0	0.524	0	0	1	2	1
1	174	NIMBLE++++++++++	nImb@l	0	0	0.98	1	0	0	0.626	0	0	1	2	1
1	161	NIPPLE++++++++++	nIp@l	0	0.09	0.92	1	0	0.002	0.551	0	0	1	2	1
1	168	NIPPLES+++++++++	nIp@lz	0	0.08	0.93	1	0	0.002	0.542	0	0	1	2	1
1	159	NOBLE+++++++++++	n5b@l	0	0.05	0.95	1	0	0.001	0.595	0	0	1	2	1
1	173	NOBLES++++++++++	n5b@lz	0	0	0.96	1	0	0	0.612	0	0	1	2	1
1	163	NOODLE++++++++++	nud@l	0	0	0.99	1	0	0	0.587	0	0	1	2	1
1	179	NOZZLE++++++++++	nQz@l	0	0	0.99	1	0	0	0.647	0	0	1	2	1
1	177	NOZZLES+++++++++	nQz@lz	0	0	0.99	1	0	0	0.603	0	0	1	2	1
1	151	NUZZLE++++++++++	nVz@l	0	0	0.99	1	0	0	0.537	0	0	1	2	1
1	158	NUZZLED+++++++++	nVz@ld	0	0	0.99	1	0	0	0.523	0	0	1	2	1
1	199	OGLE++++++++++++	5g@l	0	0.39	0.47	1	0	0.118	0.349	0	0	1	2	1
1	153	OGLED+++++++++++	5g@ld	0	0.4	0.47	1	0	0.14	0.234	0	0	1	2	1
1	207	OODLES++++++++++	ud@lz	0	0.12	0.85	1	0	0.003	0.672	0	0	1	2	1
1	147	PADDLE++++++++++	p{d@l	0	0	0.99	1	0	0	0.517	0	0	1	2	1
1	203	PAYABLE+++++++++	p1t{bs	0	0.33	0.59	1	0	0.051	0.451	0	0	1	2	1
1	180	PEBBLE++++++++++	pEb@l	0	0.05	0.97	1	0	0.001	0.641	0	0	1	2	1
1	183	PEBBLES+++++++++	pEb@lz	0	0.05	0.97	1	0	0.001	0.617	0	0	1	2	1
1	155	PEDDLE++++++++++	pEd@l	0	0.05	0.97	1	0	0.001	0.544	0	0	1	2	1
1	164	PEDDLED+++++++++	pEd@ld	0	0.05	0.97	1	0	0.001	0.54	0	0	1	2	1
1	218	PEOPLE++++++++++	pip@l	0	0	0.94	1	0	0	0.74	0	0	1	2	1
1	179	PEOPLED+++++++++	pip@ld	0	0	0.94	1	0	0	0.591	0	0	1	2	1
1	214	PEOPLES+++++++++	pip@lz	0	0	0.95	1	0	0	0.706	0	0	1	2	1
1	215	PESTLE++++++++++	pEst@l	0	0.25	0.7	1	0	0.017	0.605	0	0	1	2	1
1	155	PICKLE++++++++++	pIk@l	0	0	0.98	1	0	0	0.55	0	0	1	2	1
1	155	PICKLED+++++++++	pIk@ld	0	0	0.98	1	0	0	0.504	0	0	1	2	1
1	163	PICKLES+++++++++	pIk@lz	0	0	0.98	1	0	0	0.542	0	0	1	2	1
1	152	PIDDLE++++++++++	pId@l	0	0	0.99	1	0	0	0.54	0	0	1	2	1
1	172	PIMPLE++++++++++	pImp@l	0	0.07	0.94	1	0	0.001	0.599	0	0	1	2	1
1	159	PIMPLED+++++++++	pImp@ld	0	0.07	0.93	1	0	0.001	0.504	0	0	1	2	1
1	179	PIMPLES+++++++++	pImp@lz	0	0.06	0.94	1	0	0.001	0.59	0	0	1	2	1
1	163	POODLE++++++++++	pud@l	0	0	0.98	1	0	0	0.582	0	0	1	2	1
1	161	PRATTLE+++++++++	pr{t@l	0	0	0.98	1	0	0	0.53	0	0	1	2	1
1	163	PRICKLE+++++++++	prIk@l	0	0	0.99	1	0	0	0.543	0	0	1	2	1
1	191	PROBLEM+++++++++	prQbl@m	0	0	0.97	1	0	0	0.644	0	0	1	2	1
1	163	PUDDLE++++++++++	pVd@l	0	0	0.99	1	0	0	0.585	0	0	1	2	1
1	167	PUDDLES+++++++++	pVd@lz	0	0	0.99	1	0	0	0.561	0	0	1	2	1
1	158	PURPLE++++++++++	p3p@l	0	0.08	0.91	1	0	0.002	0.532	0	0	1	2	1
1	150	PUZZLE++++++++++	pVz@l	0	0	0.98	1	0	0	0.528	0	0	1	2	1
1	155	PUZZLED+++++++++	pVz@ld	0	0	0.98	1	0	0	0.504	0	0	1	2	1
1	155	PUZZLES+++++++++	pVz@lz	0	0	0.98	1	0	0	0.505	0	0	1	2	1
1	156	QUIBBLE+++++++++	kwIb@l	0	0	0.99	1	0	0	0.513	0	0	1	2	1
1	152	RABBLE++++++++++	r{b@l	0	0	0.98	1	0	0	0.536	0	0	1	2	1
1	176	RAFFLE++++++++++	r{f@l	0	0.13	0.88	1	0	0.004	0.587	0	0	1	2	1
1	200	RAMBLE++++++++++	r{mb@l	0	0.11	0.9	1	0	0.002	0.674	0	0	1	2	1
1	206	RAMBLES+++++++++	r{mb@lz	0	0.1	0.91	1	0	0.002	0.666	0	0	1	2	1
1	158	RATTLE++++++++++	r{t@l	0	0.1	0.91	1	0	0.003	0.533	0	0	1	2	1
1	157	RATTLED+++++++++	r{t@ld	0	0.1	0.91	1	0	0.003	0.484	0	0	1	2	1
1	167	RATTLES+++++++++	r{t@lz	0	0.09	0.92	1	0	0.002	0.532	0	0	1	2	1
1	153	RAZZLE++++++++++	r{z@l	0	0.05	0.97	1	0	0.001	0.536	0	0	1	2	1
1	154	RIDDLE++++++++++	rId@l	0	0	0.97	1	0	0	0.543	0	0	1	2	1
1	155	RIDDLED+++++++++	rId@ld	0	0	0.97	1	0	0	0.502	0	0	1	2	1
1	163	RIDDLES+++++++++	rId@lz	0	0	0.98	1	0	0	0.539	0	0	1	2	1
1	166	RIFFLE++++++++++	rIf@l	0	0.15	0.86	1	0	0.006	0.541	0	0	1	2	1
1	135	RIFLE+++++++++++	rIf@l	0	0.4	0.55	1	0	0.109	0.256	0	0	1	2	1
1	190	RIFLED++++++++++	rIf@ld	0	0.41	0.54	1	0	0.114	0.352	0	0	1	2	1
1	145	RIFLES++++++++++	rIf@lz	0	0.39	0.57	1	0	0.094	0.274	0	0	1	2	1
1	182	RIPPLE++++++++++	rIp@l	0	0.34	0.62	1	0	0.058	0.43	0	0	1	2	1
1	163	RIPPLED+++++++++	rIp@ld	0	0.35	0.61	1	0	0.069	0.333	0	0	1	2	1
1	189	RIPPLES+++++++++	rIp@lz	0	0.33	0.64	1	0	0.05	0.44	0	0	1	2	1
1	152	RUBBLE++++++++++	rVb@l	0	0.06	0.97	1	0	0.001	0.531	0	0	1	2	1
1	163	RUFFLE++++++++++	rVf@l	0	0.18	0.82	1	0	0.01	0.51	0	0	1	2	1
1	158	RUFFLED+++++++++	rVf@ld	0	0.19	0.82	1	0	0.012	0.446	0	0	1	2	1
1	172	RUFFLES+++++++++	rVf@lz	0	0.17	0.83	1	0	0.009	0.513	0	0	1	2	1
1	201	RUMBLE++++++++++	rVmb@l	0	0.15	0.85	1	0	0.005	0.654	0	0	1	2	1
1	168	RUMBLED+++++++++	rVmb@ld	0	0.15	0.85	1	0	0.007	0.504	0	0	1	2	1
1	207	RUMBLES+++++++++	rVmb@lz	0	0.14	0.86	1	0	0.004	0.648	0	0	1	2	1
1	196	RUMPLE++++++++++	rVmp@l	0	0.19	0.8	1	0	0.009	0.613	0	0	1	2	1
1	167	RUMPLED+++++++++	rVmp@ld	0	0.2	0.8	1	0	0.013	0.474	0	0	1	2	1
1	165	RUSTLE++++++++++	rVs@l	0	0.27	0.69	1	0	0.029	0.441	0	0	1	2	1
1	158	RUSTLED+++++++++	rVs@ld	0	0.27	0.68	1	0	0.034	0.373	0	0	1	2	1
1	206	SABLE+++++++++++	s1b@l	0	0.07	0.92	1	0	0.001	0.726	0	0	1	2	1
1	213	SABLES++++++++++	s1b@lz	0	0.07	0.93	1	0	0.001	0.721	0	0	1	2	1
1	148	SADDLE++++++++++	s{d@l	0	0	0.99	1	0	0	0.522	0	0	1	2	1
1	154	SADDLED+++++++++	s{d@ld	0	0	0.99	1	0	0	0.503	0	0	1	2	1
1	155	SADDLES+++++++++	s{d@lz	0	0	0.99	1	0	0	0.508	0	0	1	2	1
1	163	SAMPLE++++++++++	s{mp@l	0	0.05	0.94	1	0	0.001	0.569	0	0	1	2	1
1	157	SAMPLED+++++++++	s{mp@ld	0	0.06	0.94	1	0	0.001	0.499	0	0	1	2	1
1	170	SAMPLES+++++++++	s{mp@lz	0	0.05	0.95	1	0	0.001	0.558	0	0	1	2	1
1	164	SCRABBLE++++++++	skr{b@l	0	0	1	1	0	0	0.506	0	0	1	2	1
1	173	SCRAMBLE++++++++	skr{mb@l	0	0	1	1	0	0	0.547	0	0	1	2	1
1	175	SCRAMBLED+++++++	skr{mb@ld	0	0	1	1	0	0	0.51	0	0	1	2	1
1	170	SCRIBBLE++++++++	skrIb@l	0	0	1	1	0	0	0.534	0	0	1	2	1
1	174	SCRIBBLED+++++++	skrIb@ld	0	0	1	1	0	0	0.506	0	0	1	2	1
1	189	SCRUPLE+++++++++	skrVp@l	0	0	0.99	1	0	0	0.647	0	0	1	2	1
1	157	SCUFFLE+++++++++	skVf@l	0	0	0.99	1	0	0	0.519	0	0	1	2	1
1	158	SCUTTLE+++++++++	skVt@l	0	0	1	1	0	0	0.524	0	0	1	2	1
1	164	SCUTTLED++++++++	skVt@ld	0	0	1	1	0	0	0.505	0	0	1	2	1
1	158	SETTLE++++++++++	sEt@l	0	0.12	0.87	1	0	0.004	0.517	0	0	1	2	1
1	167	SETTLED+++++++++	sEt@ld	0	0.13	0.87	1	0	0.005	0.511	0	0	1	2	1
1	167	SETTLES+++++++++	sEt@lz	0	0.12	0.88	1	0	0.004	0.517	0	0	1	2	1
1	162	SHACKLE+++++++++	S{k@l	0	0	0.99	1	0	0	0.541	0	0	1	2	1
1	164	SHACKLED++++++++	S{k@ld	0	0	0.99	1	0	0	0.504	0	0	1	2	1
1	170	SHACKLES++++++++	S{k@lz	0	0	0.99	1	0	0	0.532	0	0	1	2	1
1	178	SHAMBLE+++++++++	S{mb@l	0	0	0.98	1	0	0	0.603	0	0	1	2	1
1	170	SHAMBLED++++++++	S{mb@ld	0	0	0.98	1	0	0	0.528	0	0	1	2	1
1	185	SHAMBLES++++++++	S{mb@lz	0	0	0.98	1	0	0	0.592	0	0	1	2	1
1	176	SHINGLE+++++++++	SINg@l	0	0	0.98	1	0	0	0.593	0	0	1	2	1
1	183	SHINGLES++++++++	SINg@lz	0	0	0.98	1	0	0	0.582	0	0	1	2	1
1	161	SHUFFLE+++++++++	SVf@l	0	0	0.97	1	0	0	0.527	0	0	1	2	1
1	166	SHUFFLED++++++++	SVf@ld	0	0.05	0.96	1	0	0.001	0.503	0	0	1	2	1
1	158	SHUTTLE+++++++++	SVt@l	0	0	0.98	1	0	0	0.516	0	0	1	2	1
1	164	SHUTTLED++++++++	SVt@ld	0	0	0.97	1	0	0	0.497	0	0	1	2	1
1	152	SICKLE++++++++++	sIk@l	0	0	0.98	1	0	0	0.537	0	0	1	2	1
1	186	SIDLED++++++++++	s2d@ld	0	0.07	0.92	1	0	0.001	0.642	0	0	1	2	1
1	166	SIMPLE++++++++++	sImp@l	0	0.06	0.94	1	0	0.001	0.577	0	0	1	2	1
1	173	SIMPLES+++++++++	sImp@lz	0	0.06	0.94	1	0	0.001	0.567	0	0	1	2	1
1	163	SINGLE++++++++++	sINg@l	0	0.06	0.95	1	0	0.001	0.57	0	0	1	2	1
1	170	SINGLES+++++++++	sINg@lz	0	0.06	0.95	1	0	0.001	0.559	0	0	1	2	1
1	157	SIZZLE++++++++++	sIz@l	0	0	0.99	1	0	0	0.56	0	0	1	2	1
1	161	SIZZLED+++++++++	sIz@ld	0	0	0.99	1	0	0	0.534	0	0	1	2	1
1	159	SMUGGLE+++++++++	smVg@l	0	0.06	0.96	1	0	0.001	0.513	0	0	1	2	1
1	164	SMUGGLED++++++++	smVg@ld	0	0.06	0.95	1	0	0.001	0.489	0	0	1	2	1
1	184	SNIFFLE+++++++++	snIf@l	0	0	0.99	1	0	0	0.629	0	0	1	2	1
1	180	SNUFFLE+++++++++	snVf@l	0	0	0.99	1	0	0	0.614	0	0	1	2	1
1	164	SNUGGLE+++++++++	snVg@l	0	0	0.99	1	0	0	0.55	0	0	1	2	1
1	165	SNUGGLED++++++++	snVg@ld	0	0	0.99	1	0	0	0.508	0	0	1	2	1
1	182	SPANGLE+++++++++	sp{Ng@l	0	0	0.99	1	0	0	0.621	0	0	1	2	1
1	208	SPANGLED++++++++	sp{Ng@ld	0	0	0.99	1	0	0	0.676	0	0	1	2	1
1	161	SPARKLE+++++++++	sp#k@l	0	0	1	1	0	0	0.538	0	0	1	2	1
1	165	SPARKLED++++++++	sp#k@ld	0	0	1	1	0	0	0.51	0	0	1	2	1
1	165	SPARKLES++++++++	sp#k@lz	0	0	1	1	0	0	0.51	0	0	1	2	1
1	168	SPECKLE+++++++++	spEk@l	0	0	0.99	1	0	0	0.565	0	0	1	2	1
1	165	SPECKLED++++++++	spEk@ld	0	0	0.99	1	0	0	0.507	0	0	1	2	1
1	176	SPECKLES++++++++	spEk@lz	0	0	0.99	1	0	0	0.557	0	0	1	2	1
1	196	SPINDLE+++++++++	spInd@l	0	0	0.99	1	0	0	0.669	0	0	1	2	1
1	159	SPITTLE+++++++++	spIt@l	0	0	0.99	1	0	0	0.527	0	0	1	2	1
1	168	SPRINKLE++++++++	sprINk@l	0	0	1	1	0	0	0.524	0	0	1	2	1
1	178	SPRINKLED+++++++	sprINk@ld	0	0	1	1	0	0	0.524	0	0	1	2	1
1	164	SQUABBLE++++++++	skwQb@l	0	0	1	1	0	0	0.505	0	0	1	2	1
1	175	SQUABBLES+++++++	skwQb@lz	0	0	1	1	0	0	0.509	0	0	1	2	1
1	164	SQUIGGLE++++++++	skwIg@l	0	0	0.98	1	0	0	0.497	0	0	1	2	1
1	171	STABLE++++++++++	st1b@l	0	0	0.99	1	0	0	0.617	0	0	1	2	1
1	184	STABLED+++++++++	st1b@ld	0	0	0.99	1	0	0	0.628	0	0	1	2	1
1	177	STABLES+++++++++	st1b@lz	0	0	0.99	1	0	0	0.602	0	0	1	2	1
1	183	STAPLE++++++++++	st1p@l	0	0	0.98	1	0	0	0.657	0	0	1	2	1
1	188	STAPLES+++++++++	st1p@lz	0	0	0.99	1	0	0	0.641	0	0	1	2	1
1	165	STARTLED++++++++	st#t@ld	0	0	1	1	0	0	0.509	0	0	1	2	1
1	167	STEEPLE+++++++++	stip@l	0	0	0.99	1	0	0	0.562	0	0	1	2	1
1	175	STEEPLES++++++++	stip@lz	0	0	0.99	1	0	0	0.554	0	0	1	2	1
1	208	STIFLE++++++++++	stIf@l	0	0.05	0.96	1	0	0	0.722	0	0	1	2	1
1	176	STIFLED+++++++++	stIf@ld	0	0.05	0.96	1	0	0.001	0.586	0	0	1	2	1
1	168	STRADDLE++++++++	str{d@l	0	0	1	1	0	0	0.525	0	0	1	2	1
1	175	STRADDLED+++++++	str{d@ld	0	0	1	1	0	0	0.511	0	0	1	2	1
1	164	STRAGGLE++++++++	str{g@l	0	0	1	1	0	0	0.505	0	0	1	2	1
1	174	STRAGGLED+++++++	str{g@ld	0	0	1	1	0	0	0.505	0	0	1	2	1
1	175	STRANGLE++++++++	str{Ng@l	0	0	1	1	0	0	0.555	0	0	1	2	1
1	195	STRANGLED+++++++	str{Ng@ld	0	0	1	1	0	0	0.597	0	0	1	2	1
1	173	STRUGGLE++++++++	strVg@l	0	0	1	1	0	0	0.546	0	0	1	2	1
1	174	STRUGGLED+++++++	strVg@ld	0	0	1	1	0	0	0.504	0	0	1	2	1
1	176	STRUGGLES+++++++	strVg@lz	0	0	1	1	0	0	0.514	0	0	1	2	1
1	159	STUBBLE+++++++++	stVb@l	0	0	1	1	0	0	0.529	0	0	1	2	1
1	163	STUMBLE+++++++++	stVmb@l	0	0	0.99	1	0	0	0.545	0	0	1	2	1
1	164	STUMBLED++++++++	stVmb@ld	0	0	0.99	1	0	0	0.503	0	0	1	2	1
1	169	STUMBLES++++++++	stVmb@lz	0	0	0.99	1	0	0	0.527	0	0	1	2	1
1	185	SUBTLE++++++++++	sVt@l	0	0.07	0.92	1	0	0.001	0.637	0	0	1	2	1
1	153	SUCKLE++++++++++	sVk@l	0	0	0.98	1	0	0	0.539	0	0	1	2	1
1	191	SUPPLE++++++++++	sVp@l	0	0.19	0.76	1	0	0.01	0.577	0	0	1	2	1
1	205	SWADDLE+++++++++	swQd@l	0	0	1	1	0	0	0.7	0	0	1	2	1
1	172	SWINDLE+++++++++	swInd@l	0	0	1	1	0	0	0.584	0	0	1	2	1
1	168	SWINDLED++++++++	swInd@ld	0	0	0.99	1	0	0	0.523	0	0	1	2	1
1	177	SWIZZLE+++++++++	swIz@l	0	0	1	1	0	0	0.605	0	0	1	2	1
1	199	TABLE+++++++++++	t1b@l	0	0	0.96	1	0	0	0.725	0	0	1	2	1
1	202	TABLES++++++++++	t1b@lz	0	0	0.97	1	0	0	0.708	0	0	1	2	1
1	149	TACKLE++++++++++	t{k@l	0	0	0.99	1	0	0	0.527	0	0	1	2	1
1	156	TACKLES+++++++++	t{k@lz	0	0	0.99	1	0	0	0.513	0	0	1	2	1
1	156	TANGLE++++++++++	t{Ng@l	0	0	0.98	1	0	0	0.553	0	0	1	2	1
1	172	TANGLED+++++++++	t{Ng@ld	0	0	0.98	1	0	0	0.578	0	0	1	2	1
1	147	TATTLE++++++++++	t{t@l	0	0	0.98	1	0	0	0.515	0	0	1	2	1
1	193	TEMPLE++++++++++	tEmp@l	0	0.1	0.91	1	0	0.002	0.657	0	0	1	2	1
1	192	TEMPLES+++++++++	tEmp@lz	0	0.1	0.91	1	0	0.002	0.625	0	0	1	2	1
1	191	THIMBLE+++++++++	TImb@l	0	0.06	0.96	1	0	0.001	0.639	0	0	1	2	1
1	166	THISTLE+++++++++	TIs@l	0	0.12	0.9	1	0	0.004	0.518	0	0	1	2	1
1	173	THROTTLE++++++++	TrQt@l	0	0.05	0.96	1	0	0.001	0.534	0	0	1	2	1
1	189	THROTTLED+++++++	TrQt@ld	0	0.06	0.96	1	0	0.001	0.559	0	0	1	2	1
1	150	TICKLE++++++++++	tIk@l	0	0	0.99	1	0	0	0.531	0	0	1	2	1
1	154	TICKLED+++++++++	tIk@ld	0	0	0.99	1	0	0	0.503	0	0	1	2	1
1	158	TINGLE++++++++++	tINg@l	0	0	0.98	1	0	0	0.561	0	0	1	2	1
1	150	TINKLE++++++++++	tINk@l	0	0	0.99	1	0	0	0.531	0	0	1	2	1
1	157	TINKLED+++++++++	tINk@ld	0	0	0.99	1	0	0	0.517	0	0	1	2	1
1	137	TITLE+++++++++++	t2ts	0	0	1	1	0	0	0.52	0	0	1	1	1
1	174	TITLED++++++++++	tIt@ld	0	0	0.95	1	0	0	0.614	0	0	1	2	1
1	190	TITLES++++++++++	tIt@lz	0	0	0.96	1	0	0	0.669	0	0	1	2	1
1	152	TODDLE++++++++++	tQd@l	0	0	0.99	1	0	0	0.541	0	0	1	2	1
1	161	TOGGLE++++++++++	tQg@l	0	0	0.97	1	0	0	0.572	0	0	1	2	1
1	157	TOPPLE++++++++++	tQp@l	0	0.12	0.87	1	0	0.004	0.514	0	0	1	2	1
1	177	TOPPLED+++++++++	tQp@ld	0	0.12	0.87	1	0	0.004	0.552	0	0	1	2	1
1	165	TRAMPLE+++++++++	tr{mp@l	0	0	0.98	1	0	0	0.55	0	0	1	2	1
1	164	TRAMPLED++++++++	tr{mp@ld	0	0	0.98	1	0	0	0.5	0	0	1	2	1
1	195	TREBLE++++++++++	trEb@l	0	0.1	0.91	1	0	0.002	0.663	0	0	1	2	1
1	192	TREMBLE+++++++++	trEmb@l	0	0.06	0.95	1	0	0.001	0.642	0	0	1	2	1
1	187	TREMBLED++++++++	trEmb@ld	0	0.06	0.95	1	0	0.001	0.587	0	0	1	2	1
1	198	TREMBLES++++++++	trEmb@lz	0	0.05	0.96	1	0	0.001	0.63	0	0	1	2	1
1	206	TRESTLE+++++++++	trEs@l	0	0.11	0.89	1	0	0.003	0.658	0	0	1	2	1
1	160	TRICKLE+++++++++	trIk@l	0	0	0.99	1	0	0	0.532	0	0	1	2	1
1	193	TRIFLE++++++++++	trIf@l	0	0.09	0.92	1	0	0.002	0.661	0	0	1	2	1
1	177	TRIPLE++++++++++	trIp@l	0	0	0.96	1	0	0	0.627	0	0	1	2	1
1	177	TRIPLED+++++++++	trIp@ld	0	0	0.96	1	0	0	0.59	0	0	1	2	1
1	226	TROUBLE+++++++++	trub@l	0	0	0.97	1	0	0	0.746	0	0	1	2	1
1	166	TROUBLED++++++++	trub@ld	0	0	0.97	1	0	0	0.506	0	0	1	2	1
1	217	TROUBLES++++++++	trub@lz	0	0	0.97	1	0	0	0.697	0	0	1	2	1
1	157	TRUFFLE+++++++++	trVf@l	0	0	0.98	1	0	0	0.512	0	0	1	2	1
1	160	TRUNDLE+++++++++	trVnd@l	0	0	0.98	1	0	0	0.527	0	0	1	2	1
1	159	TUMBLE++++++++++	tVmb@l	0	0	0.97	1	0	0	0.563	0	0	1	2	1
1	154	TUMBLED+++++++++	tVmb@ld	0	0	0.97	1	0	0	0.496	0	0	1	2	1
1	166	TUMBLES+++++++++	tVmb@lz	0	0	0.97	1	0	0	0.551	0	0	1	2	1
1	147	TURTLE++++++++++	t3t@l	0	0	0.97	1	0	0	0.508	0	0	1	2	1
1	155	TURTLES+++++++++	t3t@lz	0	0	0.97	1	0	0	0.5	0	0	1	2	1
1	165	TUSSLE++++++++++	tVs@l	0	0.06	0.94	1	0	0.001	0.576	0	0	1	2	1
1	167	TWIDDLE+++++++++	twId@l	0	0	1	1	0	0	0.565	0	0	1	2	1
1	159	TWINKLE+++++++++	twINk@l	0	0	1	1	0	0	0.529	0	0	1	2	1
1	176	UNCLE+++++++++++	Vnk@l	0	0.35	0.59	1	0	0.063	0.417	0	0	1	2	1
1	194	UNCLES++++++++++	Vnk@lz	0	0.33	0.61	1	0	0.052	0.461	0	0	1	2	1
1	214	WADDLE++++++++++	wQd@l	0	0	0.99	1	0	0	0.749	0	0	1	2	1
1	154	WAFFLE++++++++++	wQf@l	0	0	0.96	1	0	0	0.537	0	0	1	2	1
1	184	WAFFLES+++++++++	wQf@lz	0	0	0.96	1	0	0	0.618	0	0	1	2	1
1	164	WAGGLE++++++++++	w{g@l	0	0	0.97	1	0	0	0.583	0	0	1	2	1
1	180	WAGGLED+++++++++	w{g@ld	0	0	0.97	1	0	0	0.605	0	0	1	2	1
1	161	WARBLE++++++++++	w$b@l	0	0	0.97	1	0	0	0.572	0	0	1	2	1
1	216	WATTLES+++++++++	wQt@lz	0	0	0.97	1	0	0	0.721	0	0	1	2	1
1	165	WHISTLE+++++++++	wIs@l	0	0.15	0.85	1	0	0.006	0.494	0	0	1	2	1
1	164	WHISTLED++++++++	wIs@ld	0	0.15	0.85	1	0	0.007	0.444	0	0	1	2	1
1	162	WHITTLE+++++++++	wIt@l	0	0.07	0.94	1	0	0.001	0.521	0	0	1	2	1
1	146	WIGGLE++++++++++	wIg@l	0	0	0.96	1	0	0	0.503	0	0	1	2	1
1	154	WIGGLED+++++++++	wIg@ld	0	0	0.96	1	0	0	0.493	0	0	1	2	1
1	146	WOBBLE++++++++++	wQb@l	0	0	0.99	1	0	0	0.512	0	0	1	2	1
1	154	WOBBLED+++++++++	wQb@ld	0	0	0.99	1	0	0	0.502	0	0	1	2	1
1	163	WRANGLE+++++++++	r{Ng@l	0	0	0.99	1	0	0	0.545	0	0	1	2	1
1	165	WRANGLED++++++++	r{Ng@ld	0	0	0.99	1	0	0	0.508	0	0	1	2	1
1	190	WRESTLE+++++++++	rEs@l	0	0.12	0.93	1	0	0.003	0.622	0	0	1	2	1
1	163	WRIGGLE+++++++++	rIg@l	0	0	0.99	1	0	0	0.545	0	0	1	2	1
1	164	WRINKLE+++++++++	rINk@l	0	0	1	1	0	0	0.551	0	0	1	2	1
1	167	WRINKLED++++++++	rINk@ld	0	0	1	1	0	0	0.519	0	0	1	2	1
1	170	WRINKLES++++++++	rINk@lz	0	0	1	1	0	0	0.533	0	0	1	2	1
2	204	BRISTLES++++++++	brIstlIz	0	0	1	1	0	0	0.666	0	0	1	2	1
2	210	CASTLES+++++++++	k#stlIz	0	0	1	1	0	0	0.714	0	0	1	2	1
2	231	TRESTLES++++++++	trEstlIz	0	0	1	1	0	0	0.743	0	0	1	2	1
2	235	WRESTLES++++++++	rEstlIz	0	0	1	1	0	0	0.753	0	0	1	2	1
