1 131111.453125 0
2 84453.843750 0
3 73892.359375 0
4 68249.242188 0
5 64534.515625 0
6 61825.339844 0
7 59726.667969 0
8 58023.222656 0
9 56603.527344 0
10 55400.335938 0
11 54362.277344 0
12 53444.031250 0
13 52629.656250 0
14 51904.015625 0
15 51241.101563 0
16 50650.285156 0
17 50102.257813 0
18 49602.402344 0
19 49134.472656 0
20 48705.125000 0
21 48306.105469 0
22 47933.625000 0
23 47582.398438 0
24 47248.652344 0
25 46938.074219 0
26 46640.839844 0
27 46363.792969 0
28 46095.804688 0
29 45841.640625 0
30 45603.628906 0
